    1                 8.2              3.1
    2                10.7              4.5
    3                23.1              4.3
    4                24.3              3.7
    5                27.6              2.9
    6                29.5              3.3
    7                45.5              3.7
    8                46.3              2.1
    9                52.0              4.5
   10                56.6              3.8
   11                58.2              4.2
   12                60.4              2.6
   13                62.1              4.2
   14                76.5              3.5
   15                82.6              2.8
   16                84.3              5.3
   17                87.7              3.2
   18                98.6              4.8
   19                98.9              2.9
   20                99.7              3.3
   21               111.1              5.5
